@MapData  64, 20, 96, 96, ../Image/my_map_Large.png
@Back
6002, 6002, 3002, 1008, 1008, 1008, 1008, 1008, 1008, 1008, 4003, 4000, 4000, 4000, 4000, 4000, 4000, 4000, 4000, 4000, 4000, 4000, 4000, 4000, 4000, 4000, 4000, 4000, 4000, 4000, 4000, 4000, 4000, 4000, 4000, 4000, 4000, 4000, 4000, 4000, 4000, 4000, -1, -1, -1, -1, -1, -1, -1, -1, -1, -1, -1, -1, -1, -1, -1, -1, -1, -1, -1, -1, -1, -1, 
6002, 6002, 6002, 6002, 6002, 6001, 6002, 6002, 6002, 6002, 5008, 4000, 4000, 4000, 4000, 4000, 4000, 4000, 4000, 4000, 4000, 4000, 4000, 4000, 4000, 4000, 4000, 4000, 4000, 4000, 4000, 4000, 4000, 4000, 4000, 4000, 4000, 4000, 4000, 4000, 4000, 4000, -1, -1, -1, -1, -1, -1, -1, -1, 4000, 4000, 4000, 4000, 4000, 4000, 4000, 4000, 4000, 4000, 4000, 4000, 4000, 4000, 
6002, 6002, 6002, 6002, 6002, 6001, 6002, 6002, 6002, 6002, 5008, 4000, 4000, 4000, 4000, 4000, 4000, 4000, 4000, 4000, 4000, 4000, 4000, 4000, 4000, 4000, 4000, 4000, 4000, 4000, 4000, 4000, 4000, 4000, 4000, 4000, 4000, 4000, 4000, 4000, 4000, 4000, -1, -1, -1, -1, -1, -1, -1, -1, 4000, 4000, 4000, 4000, 4000, 4000, 4000, 4000, 4000, 4000, 4000, 4000, 4000, 4000, 
2, 2003, 6002, 6002, 6002, 6001, 6002, 6002, 5000, 5003, 5008, 4000, 4000, 4000, 4000, 4000, 4000, 4000, 4000, 4000, 4000, 4000, 4000, 4000, 4000, 4000, 4000, 4000, 4000, 4000, 4000, 4000, 4000, 4000, 4000, 4000, 4000, 4000, 4000, 4000, 4000, 4000, 4000, 4000, 4000, 4000, 4000, 4000, 4000, 4000, 4000, 4000, 4000, 4000, 4000, 4000, 4000, 4000, 4000, 4000, 4000, 4000, 4000, 4000, 
4000, 3008, 5000, 5001, 6002, 6001, 6002, 6002, 6000, 6003, 5008, 4000, 4000, 4000, 4000, 4000, 4000, 4000, 4000, 4000, 4000, 4000, 4000, 4000, 4000, 4000, 4000, 4000, 4000, 4000, 4000, 4000, 4000, 4000, 4000, 4000, 4000, 4000, 4000, 4000, 4000, 4000, 4000, 4000, 4000, 4000, 4000, 4000, 4000, 4000, 4000, 4000, 4000, 4000, 4000, 4000, 4000, 4000, 4000, 4000, 4000, 4000, 4000, 4000, 
4000, 3008, 6000, 6001, 6002, 6001, 6002, 6002, 7000, 7003, 3002, 1008, 1008, 1008, 1008, 4003, 4000, 4000, 4000, 4000, 4000, 4000, 4000, 4000, 4000, 4000, 4000, 4000, 4000, 4000, 4000, 4000, 4000, 4000, 4000, 4000, 4000, 4000, 4000, 4000, 4000, 4000, 4000, 4000, 4000, 4000, 4000, 4000, 4000, 4000, 4000, 4000, 4000, 4000, 4000, 4000, 4000, 4000, 4002, 1008, 1008, 1008, 1008, 1008, 
4000, 4001, 2003, 6001, 6002, 6001, 6002, 6002, 6002, 6002, 6002, 6002, 6002, 6002, 6002, 5008, 4000, 4000, 4000, 4000, 4000, 4000, 4000, 4000, 4000, 4000, 4000, 4000, 4000, 4000, 4000, 4000, 4000, 4000, 4000, 4000, 4000, 4000, 4000, 4000, 4000, 4000, 4000, 4000, 4000, 4000, 4000, 4000, 4000, 4000, 4000, 4000, 4000, 4002, 1008, 1008, 1008, 1008, 3003, 7003, 6002, 6002, 6002, 6002, 
4000, 4000, 3008, 6001, 6002, 6001, 6002, 6002, 6002, 6002, 6002, 6002, 6002, 6002, 6002, 3002, 1008, 1008, 4003, 4000, 4000, 4000, 4000, 4000, 4000, 4000, 4000, 4000, 4000, 4000, 4000, 4000, 4000, 4000, 4000, 4000, 4000, 4000, 4000, 4000, 4000, 4000, 4000, 4000, 4000, 4000, 4000, 4000, 4000, 4000, 4002, 1008, 1008, 3003, 7001, 7002, 5003, 5004, 5004, 5004, 5004, 5004, 5004, 5004, 
4000, 4000, 3008, 6001, 6002, 6001, 6002, 6002, 6002, 6003, 6004, 6003, 6002, 6002, 6002, 6002, 6002, 6002, 3002, 4003, 4000, 4000, 4000, 4000, 4000, 4000, 4000, 4000, 4000, 4000, 4000, 4000, 4000, 4000, 4000, 4000, 4000, 4000, 4000, 4000, 4000, 4000, 4000, 4000, 4000, 4000, 4000, 4000, 4000, 4000, 3008, 6002, 6002, 6002, 6002, 5001, 6002, 6002, 6002, 6002, 6002, 6002, 6002, 6002, 
4000, 4000, 4001, 1, 1, 1, 1, 1002, 7002, 7003, 5000, 7003, 6002, 6002, 6002, 6002, 6002, 6002, 6002, 3002, 1008, 1008, 1008, 1008, 1008, 1008, 1008, 1008, 1008, 1008, 4003, 4000, 4000, 4000, 4002, 1008, 1008, 1008, 1008, 1008, 1008, 1008, 1008, 1008, 1008, 1008, 1008, 1008, 1008, 1008, 3003, 6002, 6002, 6002, 6002, 6001, 6000, 6002, 6002, 6002, 6001, 2002, 1, 1, 
4000, 4000, 4000, 3000, 3000, 3000, 2005, 1006, 6002, 6002, 6000, 6002, 6002, 6002, 6002, 6002, 6002, 6002, 6002, 6002, 6002, 6002, 6002, 6002, 6002, 6002, 6002, 6002, 6002, 6002, 5008, 4000, 4002, 1008, 3003, 5005, 6002, 6002, 6002, 6002, 6002, 6002, 6002, 6002, 6002, 6002, 6002, 6002, 6002, 6002, 6002, 6002, 6002, 6002, 6002, 2002, 2003, 6002, 6002, 6002, 6001, 5008, 3000, 3000, 
4000, 4000, 4000, 4000, 4000, 4000, 3004, 2006, 6002, 6002, 7000, 5000, 5003, 5004, 5004, 6002, 6002, 6002, 6002, 6002, 6002, 6002, 6002, 6002, 6002, 6002, 6002, 6002, 6002, 6002, 3002, 1008, 3003, 6000, 6002, 6002, 6002, 6002, 6002, 5004, 5004, 5004, 5004, 5004, 5004, 5004, 5004, 5004, 5004, 5004, 5004, 5004, 2002, 1, 1, 4004, 3008, 6002, 6002, 6002, 6001, 5008, 4000, 4000, 
4000, 4000, 4000, 4000, 4000, 4000, 3004, 2006, 6002, 6002, 6002, 6000, 5001, 5004, 6002, 6002, 6002, 6002, 6002, 6002, 6002, 6002, 6002, 6002, 6002, 6002, 6002, 6002, 6002, 6002, 6002, 6002, 6002, 7000, 7001, 7002, 5001, 5004, 6002, 6002, 6002, 6002, 6002, 6002, 6002, 6002, 6002, 6002, 6002, 6002, 6002, 2002, 4004, 4002, 1008, 1008, 3003, 6002, 6002, 6002, 6001, 5008, 4000, 4000, 
4000, 4000, 4000, 4000, 4000, 4000, 3004, 1, 1, 1, 1, 1, 1, 1, 1, 1002, 6002, 6002, 6002, 6002, 6002, 6002, 6002, 6002, 6002, 6002, 6002, 6002, 6002, 6002, 6002, 6002, 6002, 6002, 6002, 6002, 6001, 6002, 6002, 6002, 6002, 6002, 6002, 6002, 6002, 6002, 6002, 6002, 6002, 6002, 2002, 4004, 4002, 3003, 5005, 5000, 5001, 6002, 6002, 6002, 6001, 5008, 4000, 4000, 
4000, 4000, 4000, 4000, 4000, 4000, 3005, 3000, 3000, 3000, 3000, 3000, 2005, 1, 1, 1, 1002, 5001, 5002, 5000, 6002, 6002, 6002, 6002, 6002, 6002, 6002, 6002, 6002, 6002, 6002, 6002, 6002, 6002, 6002, 6002, 1001, 1002, 6002, 6002, 6002, 6002, 6002, 6002, 6002, 6002, 6002, 6002, 6002, 6002, 3002, 1008, 3003, 5005, 6002, 6000, 6001, 6002, 6002, 6002, 2002, 4004, 4000, 4000, 
4000, 4000, 4000, 4000, 4000, 4000, 4000, 4000, 4000, 4000, 4000, 4000, 3004, 1006, 4006, 1006, 1, 1002, 6002, 6000, 6003, 6004, 6002, 6002, 6002, 6002, 6002, 6003, 6004, 6002, 6002, 6002, 6002, 6002, 1001, 1, 4006, 1006, 1002, 5004, 5004, 5004, 5004, 5004, 5004, 5004, 5004, 5004, 5004, 5004, 5004, 5004, 5004, 5004, 5004, 1001, 1, 1, 1, 1, 4004, 4000, 4000, 4000, 
4000, 4000, 4000, 4000, 4000, 4000, 4000, 4000, 4000, 4000, 4000, 4000, 3004, 3006, 6006, 3006, 1006, 1, 1002, 7000, 7003, 6002, 6002, 6002, 6002, 5001, 5002, 7003, 6002, 6002, 6002, 6002, 6002, 1001, 1, 4006, 6006, 3006, 3006, 1002, 6002, 6002, 6002, 6002, 6002, 6002, 6002, 6002, 6002, 6002, 6002, 6002, 6002, 6002, 1001, 1, 3000, 3000, 3000, 3000, 4000, 4000, 4000, 4000, 
4000, 4000, 4000, 4000, 4000, 4000, 4000, 4000, 4000, 4000, 4000, 4000, 3004, 1, 1, 1, 1, 1, 1, 1, 1, 1, 1, 1, 1, 1, 1, 1, 1, 1, 1, 1, 1, 1, 1, 1, 1, 1, 1, 1, 1, 1, 1, 1, 1, 1, 1, 1, 1, 1, 1, 1, 1, 1, 4006, 1006, 4000, 4000, 4000, 4000, 4000, 4000, 4000, 4000, 
4000, 4000, 4000, 4000, 4000, 4000, 4000, 4000, 4000, 4000, 4000, 4000, 3005, 3000, 3000, 3000, 3000, 3000, 3000, 3000, 3000, 3000, 3000, 3000, 3000, 3000, 3000, 3000, 3000, 3000, 3000, 3000, 3000, 3000, 3000, 3000, 3000, 3000, 3000, 3000, 3000, 3000, 3000, 3000, 3000, 3000, 3000, 3000, 3000, 3000, 3000, 3000, 3000, 3000, 5006, 2006, 4000, 4000, 4000, 4000, 4000, 4000, 4000, 4000, 
4000, 4000, 4000, 4000, 4000, 4000, 4000, 4000, 4000, 4000, 4000, 4000, 4000, 4000, 4000, 4000, 4000, 4000, 4000, 4000, 4000, 4000, 4000, 4000, 4000, 4000, 4000, 4000, 4000, 4000, 4000, 4000, 4000, 4000, 4000, 4000, 4000, 4000, 4000, 4000, 4000, 4000, 4000, 4000, 4000, 4000, 4000, 4000, 4000, 4000, 4000, 4000, 4000, 4000, 5006, 2006, 4000, 4000, 4000, 4000, 4000, 4000, 4000, 4000, 
@Fore
-1, -1, -1, -1, -1, -1, -1, -1, -1, -1, -1, -1, -1, -1, -1, -1, -1, -1, -1, -1, -1, -1, -1, -1, -1, -1, -1, -1, -1, -1, -1, -1, -1, -1, -1, -1, -1, -1, -1, -1, -1, -1, -1, -1, -1, -1, -1, -1, -1, -1, -1, -1, -1, -1, -1, -1, -1, -1, -1, -1, -1, -1, -1, -1, 
-1, -1, -1, -1, -1, -1, -1, -1, -1, -1, -1, -1, -1, -1, -1, -1, -1, -1, -1, -1, -1, -1, -1, -1, -1, -1, -1, -1, -1, -1, -1, -1, -1, -1, -1, -1, -1, -1, -1, -1, -1, -1, -1, -1, -1, -1, -1, -1, -1, -1, -1, -1, -1, -1, -1, -1, -1, -1, -1, -1, -1, -1, -1, -1, 
-1, -1, -1, -1, -1, -1, -1, -1, -1, -1, -1, -1, -1, -1, -1, -1, -1, -1, -1, -1, -1, -1, -1, -1, -1, -1, -1, -1, -1, -1, -1, -1, -1, -1, -1, -1, -1, -1, -1, -1, -1, -1, -1, -1, -1, -1, -1, -1, -1, -1, -1, -1, -1, -1, -1, -1, -1, -1, -1, -1, -1, -1, -1, -1, 
-1, -1, -1, -1, -1, -1, -1, -1, -1, -1, -1, -1, -1, -1, -1, -1, -1, -1, -1, -1, -1, -1, -1, -1, -1, -1, -1, -1, -1, -1, -1, -1, -1, -1, -1, -1, -1, -1, -1, -1, -1, -1, -1, -1, -1, -1, -1, -1, -1, -1, -1, -1, -1, -1, -1, -1, -1, -1, -1, -1, -1, -1, -1, -1, 
-1, -1, -1, -1, -1, -1, -1, -1, -1, -1, -1, -1, -1, -1, -1, -1, -1, -1, -1, -1, -1, -1, -1, -1, -1, -1, -1, -1, -1, -1, -1, -1, -1, -1, -1, -1, -1, -1, -1, -1, -1, -1, -1, -1, -1, -1, -1, -1, -1, -1, -1, -1, -1, -1, -1, -1, -1, -1, -1, -1, -1, -1, -1, -1, 
-1, -1, -1, -1, -1, -1, -1, -1, -1, -1, -1, -1, -1, -1, -1, -1, -1, -1, -1, -1, -1, -1, -1, -1, -1, -1, -1, -1, -1, -1, -1, -1, -1, -1, -1, -1, -1, -1, -1, -1, -1, -1, -1, -1, -1, -1, -1, -1, -1, -1, -1, -1, -1, -1, -1, -1, -1, -1, -1, -1, -1, -1, -1, -1, 
-1, -1, -1, 5, 5, 6, -1, -1, -1, -1, -1, -1, -1, -1, -1, -1, -1, -1, -1, -1, -1, -1, -1, -1, -1, -1, -1, -1, -1, -1, -1, -1, -1, -1, -1, -1, -1, -1, -1, -1, -1, -1, -1, -1, -1, -1, -1, -1, -1, -1, -1, -1, -1, -1, -1, -1, -1, -1, -1, -1, -1, -1, -1, -1, 
-1, -1, -1, -1, -1, -1, -1, -1, -1, -1, -1, -1, -1, -1, -1, -1, -1, -1, -1, -1, -1, -1, -1, -1, -1, -1, -1, -1, -1, -1, -1, -1, -1, -1, -1, -1, -1, -1, -1, -1, -1, -1, -1, -1, -1, -1, -1, -1, -1, -1, -1, -1, -1, -1, -1, -1, -1, -1, -1, -1, -1, -1, -1, -1, 
-1, -1, -1, -1, -1, -1, -1, -1, -1, -1, -1, -1, -1, -1, -1, -1, -1, -1, -1, -1, -1, -1, -1, -1, -1, -1, -1, -1, -1, -1, -1, -1, -1, -1, -1, -1, -1, -1, -1, -1, -1, -1, -1, -1, -1, -1, -1, -1, -1, -1, -1, -1, -1, -1, -1, -1, -1, -1, -1, -1, -1, -1, 1004, -1, 
-1, -1, -1, -1, -1, -1, -1, -1, -1, -1, -1, -1, -1, -1, -1, -1, -1, -1, -1, -1, -1, -1, -1, -1, -1, -1, -1, -1, -1, -1, -1, -1, -1, -1, -1, -1, -1, -1, -1, -1, -1, -1, -1, -1, -1, -1, -1, -1, -1, -1, -1, -1, -1, -1, -1, -1, -1, -1, -1, -1, -1, -1, -1, -1, 
-1, -1, -1, -1, -1, -1, -1, -1, -1, 4, 5, 6, -1, -1, -1, -1, -1, -1, -1, -1, -1, -1, -1, -1, -1, -1, -1, -1, -1, -1, -1, -1, -1, -1, -1, -1, -1, -1, -1, -1, -1, -1, -1, -1, -1, -1, -1, -1, -1, -1, -1, -1, -1, -1, -1, -1, -1, -1, -1, -1, -1, -1, -1, -1, 
-1, -1, -1, -1, -1, -1, -1, -1, -1, -1, -1, -1, -1, -1, -1, -1, -1, -1, -1, -1, -1, -1, -1, -1, -1, -1, -1, -1, -1, -1, -1, -1, -1, -1, -1, -1, -1, -1, -1, -1, -1, -1, -1, -1, -1, -1, -1, -1, -1, -1, -1, -1, -1, -1, -1, -1, -1, -1, -1, -1, -1, -1, -1, -1, 
-1, -1, -1, -1, -1, -1, -1, -1, -1, -1, -1, -1, -1, -1, -1, -1, -1, -1, -1, -1, -1, -1, -1, -1, -1, -1, -1, -1, -1, -1, -1, -1, -1, -1, -1, -1, -1, -1, -1, -1, -1, -1, -1, -1, -1, -1, -1, -1, -1, -1, -1, -1, -1, -1, -1, -1, -1, -1, -1, -1, -1, -1, -1, -1, 
-1, -1, -1, -1, -1, -1, -1, -1, -1, -1, -1, -1, -1, -1, -1, -1, -1, -1, -1, -1, -1, -1, -1, -1, -1, -1, -1, -1, -1, -1, -1, -1, -1, -1, -1, -1, -1, -1, -1, -1, 4, 6, -1, -1, 4, 5, 5, 6, -1, -1, -1, -1, -1, -1, -1, -1, -1, -1, -1, -1, -1, -1, -1, -1, 
-1, -1, -1, -1, -1, -1, -1, -1, -1, -1, -1, -1, -1, -1, -1, -1, -1, -1, -1, -1, -1, -1, -1, -1, -1, -1, -1, -1, -1, -1, -1, -1, -1, -1, -1, -1, -1, -1, -1, -1, -1, -1, -1, -1, -1, -1, -1, -1, -1, -1, -1, -1, -1, -1, -1, -1, -1, -1, -1, -1, -1, -1, -1, -1, 
-1, -1, -1, -1, -1, -1, -1, -1, -1, -1, -1, -1, -1, -1, -1, -1, -1, -1, -1, -1, -1, -1, -1, -1, -1, -1, -1, -1, -1, -1, -1, -1, -1, -1, -1, -1, -1, -1, -1, -1, -1, -1, -1, -1, -1, -1, -1, -1, -1, -1, -1, -1, -1, -1, -1, -1, -1, -1, -1, -1, -1, -1, -1, -1, 
-1, -1, -1, -1, -1, -1, -1, -1, -1, -1, -1, -1, -1, -1, -1, -1, -1, -1, -1, -1, -1, -1, -1, -1, -1, -1, -1, -1, -1, -1, -1, -1, -1, -1, -1, -1, -1, -1, -1, -1, -1, -1, -1, -1, -1, -1, -1, -1, -1, -1, -1, -1, -1, -1, -1, -1, -1, -1, -1, -1, -1, -1, -1, -1, 
-1, -1, -1, -1, -1, -1, -1, -1, -1, -1, -1, -1, -1, -1, -1, -1, -1, -1, -1, -1, -1, -1, -1, -1, -1, -1, -1, -1, -1, -1, -1, -1, -1, -1, -1, -1, -1, -1, -1, -1, -1, -1, -1, -1, -1, -1, -1, -1, -1, -1, -1, -1, -1, -1, -1, -1, -1, -1, -1, -1, -1, -1, -1, -1, 
-1, -1, -1, -1, -1, -1, -1, -1, -1, -1, -1, -1, -1, -1, -1, -1, -1, -1, -1, -1, -1, -1, -1, -1, -1, -1, -1, -1, -1, -1, -1, -1, -1, -1, -1, -1, -1, -1, -1, -1, -1, -1, -1, -1, -1, -1, -1, -1, -1, -1, -1, -1, -1, -1, -1, -1, -1, -1, -1, -1, -1, -1, -1, -1, 
-1, -1, -1, -1, -1, -1, -1, -1, -1, -1, -1, -1, -1, -1, -1, -1, -1, -1, -1, -1, -1, -1, -1, -1, -1, -1, -1, -1, -1, -1, -1, -1, -1, -1, -1, -1, -1, -1, -1, -1, -1, -1, -1, -1, -1, -1, -1, -1, -1, -1, -1, -1, -1, -1, -1, -1, -1, -1, -1, -1, -1, -1, -1, -1, 
@MapLine  90
    8,    0,        4,  288,    0.99990,0.01389
  192,    4,       12,    0,    -0.02222,0.99975
  198,   91,      194,    3,    -0.99897,0.04541
  962,   93,      200,   92,    -0.00131,1.00000
    4,  288,      192,  288,    0.00000,-1.00000
  192,  288,      188,  576,    0.99990,0.01389
  188,  576,      288,  576,    0.00000,-1.00000
  287,  576,      283,  864,    0.99990,0.01389
  284,  864,      768,  864,    0.00000,-1.00000
  288,  596,      572,  596,    0.00000,-1.00000
  572,  596,      572,  644,    1.00000,-0.00000
  572,  644,      286,  645,    0.00350,0.99999
  768,  864,      764, 1248,    0.99995,0.01042
  864, 1028,      864,  980,    -1.00000,-0.00000
  864,  980,     1148,  980,    0.00000,-1.00000
 1148,  980,     1148, 1028,    1.00000,-0.00000
 1148, 1028,      864, 1028,    0.00000,1.00000
  764, 1248,     1536, 1248,    0.00000,-1.00000
 1536, 1248,     1532, 1344,    0.99913,0.04163
 1536, 1344,     1632, 1344,    0.00000,-1.00000
 1632, 1344,     1628, 1440,    0.99913,0.04163
 1632, 1440,     1728, 1440,    0.00000,-1.00000
 1728, 1440,     1724, 1536,    0.99913,0.04163
 1728, 1536,     1824, 1536,    0.00000,-1.00000
 1824, 1536,     1824, 1632,    1.00000,-0.00000
  964,  576,      960,   92,    -0.99997,0.00826
 1440,  576,      964,  576,    0.00000,1.00000
 1440,  768,     1440,  576,    -1.00000,-0.00000
 1728,  768,     1440,  768,    0.00000,1.00000
 1728,  864,     1728,  768,    -1.00000,-0.00000
 1828,  864,     1728,  864,    0.00000,1.00000
 1824,  960,     1824,  864,    -1.00000,-0.00000
 2879,  961,     1824,  960,    -0.00095,1.00000
 2884, 1153,     2876,  960,    -0.99914,0.04142
 3168, 1152,     2880, 1152,    0.00000,1.00000
 3168, 1056,     3163, 1150,    0.99859,0.05312
 3361, 1056,     3169, 1056,    0.00000,1.00000
 3360,  959,     3356, 1056,    0.99915,0.04120
 4893,  958,     3357,  958,    0.00000,1.00000
 4896,  768,     4892,  960,    0.99978,0.02083
 5180,  768,     4896,  768,    0.00000,1.00000
 5184,  672,     5180,  768,    0.99913,0.04163
 5664,  672,     5184,  672,    0.00000,1.00000
 5664,  576,     5660,  672,    0.99913,0.04163
 6144,  576,     5664,  576,    0.00000,1.00000
 6136,  864,     6136,  576,    -1.00000,-0.00000
 5856,  864,     6136,  864,    0.00000,-1.00000
 5860, 1344,     5856,  864,    -0.99997,0.00833
 5760, 1344,     5862, 1344,    0.00000,-1.00000
 5764, 1444,     5761, 1345,    -0.99954,0.03029
 5278, 1440,     5760, 1440,    0.00000,-1.00000
 4804, 1436,     4800, 1248,    -0.99977,0.02127
 4800, 1248,     4896, 1248,    0.00000,-1.00000
 4898, 1248,     4896, 1152,    -0.99978,0.02083
 4896, 1152,     4992, 1152,    0.00000,-1.00000
 5084, 1440,     4804, 1440,    0.00000,1.00000
 4995, 1152,     4992, 1056,    -0.99951,0.03123
 4992, 1056,     5284, 1056,    0.00000,-1.00000
 5283, 1056,     5279,  960,    -0.99913,0.04163
 5280,  960,     5476,  961,    0.00510,-0.99999
 5476,  960,     5468, 1244,    0.99960,0.02816
 5468, 1244,     5184, 1244,    0.00000,1.00000
 5184, 1244,     5180, 1344,    0.99920,0.03997
 5180, 1344,     5084, 1344,    0.00000,1.00000
 5084, 1344,     5080, 1436,    0.99906,0.04344
 5284, 1540,     5280, 1440,    -0.99920,0.03997
 5186, 1537,     5282, 1537,    0.00000,-1.00000
 5188, 1632,     5184, 1536,    -0.99913,0.04163
 4096, 1628,     4620, 1632,    0.00763,-0.99997
 3840, 1632,     5187, 1633,    0.00074,-1.00000
 3744, 1536,     3840, 1536,    0.00000,-1.00000
 3840, 1536,     3836, 1630,    0.99910,0.04251
 3644, 1440,     3744, 1440,    0.00000,-1.00000
 3744, 1440,     3740, 1537,    0.99915,0.04120
 3455, 1345,     3648, 1344,    -0.00518,-0.99999
 3649, 1342,     3644, 1440,    0.99870,0.05095
 3460, 1440,     3456, 1342,    -0.99917,0.04078
 4028, 1316,     3840, 1316,    0.00000,1.00000
 3840, 1316,     3840, 1268,    -1.00000,-0.00000
 3840, 1268,     4028, 1268,    0.00000,-1.00000
 4028, 1268,     4028, 1316,    1.00000,-0.00000
 4225, 1318,     4224, 1268,    -0.99980,0.02000
 4224, 1268,     4604, 1268,    0.00000,-1.00000
 4604, 1268,     4604, 1316,    1.00000,-0.00000
 4604, 1316,     4224, 1316,    0.00000,1.00000
 3264, 1440,     3456, 1440,    0.00000,-1.00000
 3173, 1632,     3168, 1536,    -0.99865,0.05201
 3168, 1536,     3264, 1536,    0.00000,-1.00000
 3267, 1539,     3264, 1440,    -0.99954,0.03029
 1822, 1632,     3168, 1632,    0.00000,-1.00000
@EvtMap  10
 5976,  817,     2, 20, 0
  384,  818,     3, 4, 0
 1312,  706,     3, 20, 0
  940,  933,     3, 4, 0
 2190, 1584,     3, 4, 0
 3530, 1140,     3, 20, 0
 4093, 1057,     3, 20, 0
 4672, 1149,     3, 20, 0
 5032,  805,     3, 20, 0
   70,  257,     2, 50, 0
