@MapData  48, 24, 96, 96, ../Image/my_map_Large.png
@Back
2003, 6001, 6002, 6002, 6002, 6002, 5000, 5001, 6002, 6002, 6002, 5000, 5003, 5004, 6002, 6002, 6002, 6002, 6002, 6002, 6001, 6002, 6002, 6002, 6002, 6002, 6002, 6002, 6002, 6002, 6002, 6002, 6002, 6002, 6002, 6002, 6002, 6002, 6002, 6002, 6002, 6002, 6001, 6002, 6002, 6002, 6002, 6002, 
3008, 6001, 6002, 6002, 6002, 6002, 6000, 6003, 6004, 5004, 5002, 5001, 6002, 6002, 6002, 6002, 5001, 5002, 6002, 6002, 6001, 6002, 6002, 6002, 6002, 6002, 6002, 6002, 6002, 6002, 6002, 6002, 6002, 6002, 6002, 6002, 6002, 6002, 6002, 6002, 6002, 6002, 6001, 6002, 6002, 6002, 6002, 6002, 
3003, 6001, 6002, 6002, 6002, 7001, 7002, 7003, 6002, 6002, 6002, 6001, 6002, 6002, 6002, 6002, 6002, 6000, 6002, 6002, 6001, 6002, 6002, 6002, 6002, 6002, 6002, 6002, 6002, 6002, 6002, 6002, 6002, 6002, 6002, 6002, 6002, 6002, 6002, 6002, 6002, 6002, 6001, 6002, 6002, 6002, 6002, 6002, 
1006, 6001, 6002, 6002, 6002, 6002, 6002, 6002, 6002, 6002, 6002, 6001, 6002, 6002, 6002, 6002, 6002, 7000, 5003, 5004, 6001, 6002, 6002, 6002, 6002, 6002, 6002, 6002, 4006, 1006, 6002, 6002, 6002, 6002, 6002, 6002, 6002, 6002, 6002, 6002, 6002, 6002, 6001, 6002, 6002, 6002, 6002, 6002, 
2006, 6001, 6002, 6002, 6002, 6002, 6002, 6002, 6002, 6002, 6002, 6001, 6002, 6002, 6002, 6002, 6002, 6002, 6002, 6002, 6001, 6002, 6002, 6002, 6002, 6002, 6002, 6002, 6006, 3006, 6002, 6002, 6002, 6002, 6002, 6002, 6002, 6002, 6002, 6002, 6002, 6002, 6001, 6002, 6002, 6002, 6002, 6002, 
3006, 6001, 6002, 6002, 6002, 6002, 6002, 6002, 6002, 6002, 6002, 6002, 6002, 6002, 6002, 6002, 6002, 6002, 6002, 6002, 6001, 6002, 6002, 6002, 6002, 6002, 6002, 6002, 6002, 6002, 6002, 6002, 6002, 6002, 6002, 6002, 6002, 6002, 6002, 6002, 6002, 6002, 6001, 6002, 6002, 6002, 6002, 6002, 
2003, 6001, 6002, 6002, 6002, 6002, 6002, 6002, 6002, 6002, 6002, 6002, 6002, 6002, 6002, 6002, 6002, 6002, 6002, 6002, 6001, 6002, 6002, 6002, 6002, 6002, 6002, 6002, 6002, 6002, 6002, 6002, 6002, 6002, 5000, 5001, 6002, 6002, 6002, 6002, 6002, 6002, 6001, 6002, 6002, 6002, 6002, 6002, 
3008, 6001, 6002, 6002, 6002, 6003, 6004, 6002, 6002, 6002, 6002, 6002, 6002, 6002, 6002, 6002, 6002, 6002, 6002, 6002, 6001, 6002, 6002, 5000, 5000, 5001, 6002, 6002, 6002, 6002, 6002, 6002, 6002, 6002, 6000, 6003, 6002, 6002, 6002, 6002, 6002, 6002, 6001, 6002, 6002, 6002, 6002, 6002, 
3008, 6001, 6002, 6002, 6002, 5001, 5002, 5000, 5003, 5004, 5002, 6002, 6002, 6002, 6002, 6002, 6002, 6002, 6002, 6002, 6001, 6002, 6002, 6002, 6000, 6001, 6002, 6002, 6002, 6002, 6002, 6002, 6002, 6002, 7000, 7003, 6002, 6003, 6004, 6002, 6002, 6002, 6001, 5004, 5002, 5000, 5003, 5004, 
3008, 6001, 6002, 6002, 6002, 6001, 6002, 6000, 6002, 6002, 6003, 6004, 6002, 6002, 6002, 6002, 6002, 6002, 6002, 6002, 6001, 6002, 6002, 6003, 6002, 6001, 6002, 6002, 6002, 6002, 6002, 6002, 6002, 5000, 5001, 5004, 5002, 7003, 6002, 6002, 6002, 6002, 6001, 6002, 6002, 6000, 1004, 5001, 
3008, 6001, 6002, 6002, 6002, 6001, 6002, 7000, 7001, 7002, 7003, 6002, 6002, 6002, 6002, 6002, 6002, 6002, 6002, 6002, 6001, 6002, 6002, 6002, 6002, 5000, 5001, 5004, 6002, 6002, 6002, 6002, 6002, 6000, 6002, 6002, 6002, 6002, 6002, 6002, 6002, 6002, 6001, 6002, 2002, 1, 1, 1, 
3008, 6001, 6002, 6002, 6002, 6001, 6002, 6002, 6002, 6002, 6002, 6002, 6002, 6002, 6002, 6002, 6002, 6002, 6002, 6002, 6001, 6002, 6002, 6003, 6004, 6000, 6002, 6002, 6002, 6002, 6002, 6002, 6002, 6000, 6002, 6002, 6002, 6002, 6002, 6002, 6002, 6002, 6001, 2002, 4004, 3000, 3000, 3000, 
3008, 6001, 6002, 6002, 6002, 6001, 6002, 6002, 6002, 6002, 6002, 6002, 6002, 6002, 6002, 6002, 6002, 6002, 6002, 6002, 6001, 6002, 6002, 6002, 6002, 7000, 6002, 6002, 6002, 6002, 6002, 6002, 6003, 6000, 6002, 6002, 6002, 6002, 6002, 6002, 2002, 1, 1, 4004, 4000, 4000, 4000, 4000, 
3008, 6001, 6002, 6002, 6002, 6001, 6002, 6002, 6002, 6002, 6002, 6002, 6002, 6002, 6002, 6002, 6002, 6002, 6002, 6002, 6001, 6002, 6002, 6002, 6002, 6002, 6002, 6002, 6002, 6002, 6002, 6002, 7003, 7000, 7001, 7002, 5003, 5004, 5004, 2002, 4004, 3000, 3000, 4000, 4000, 4000, 4000, 4000, 
3008, 6001, 6002, 6002, 6002, 6001, 6002, 5000, 6002, 6002, 6002, 6002, 6004, 6002, 6002, 6002, 6002, 6002, 6002, 6002, 6002, 6002, 6002, 6002, 6002, 6002, 6002, 6002, 6002, 6002, 6002, 6002, 6002, 6002, 6002, 6002, 6002, 6002, 2002, 4004, 4000, 4000, 4000, 4000, 4000, 4000, 4000, 4000, 
3008, 6001, 6002, 6002, 6002, 6001, 6002, 5001, 5002, 5000, 6002, 6003, 6004, 6004, 6002, 6002, 6002, 6002, 6002, 6002, 6005, 6002, 6002, 6002, 6002, 6002, 6002, 6002, 6002, 6002, 6002, 6002, 6002, 6002, 6002, 6002, 4006, 1006, 4004, 4000, 4000, 4000, 4000, 4000, 4000, 4000, 4000, 4000, 
3008, 6001, 6002, 6002, 6002, 6001, 6002, 4006, 1006, 6000, 6002, 7003, 6002, 6002, 6002, 6003, 6000, 6002, 6002, 6003, 6004, 6002, 5004, 5004, 5002, 5001, 5002, 5003, 6002, 6002, 6002, 6002, 6002, 6002, 6002, 2002, 5006, 2006, 4000, 4000, 4000, 4000, 4000, 4000, 4000, 4000, 4000, 4000, 
3008, 6001, 6002, 6002, 6002, 2002, 1, 5006, 2006, 1, 1, 1, 1, 1002, 7002, 7003, 7000, 7001, 7002, 7003, 6002, 6002, 6002, 6002, 6002, 6001, 6002, 6002, 6002, 6002, 6002, 2002, 1, 1, 1, 4004, 5006, 2006, 4000, 4000, 4000, 4000, 4000, 4000, 4000, 4000, 4000, 4000, 
1, 1, 1, 1, 1, 4004, 2005, 5006, 2006, 3000, 3000, 3000, 2005, 1006, 2, 1002, 6002, 6002, 6002, 6002, 6001, 6002, 6002, 6002, 6002, 6001, 6002, 6002, 6002, 6002, 2002, 4004, 3000, 3000, 3000, 4000, 5006, 2006, 4000, 4000, 4000, 4000, 4000, 4000, 4000, 4000, 4000, 4000, 
3000, 3000, 3000, 3000, 3000, 4000, 3004, 5006, 2006, 4000, 4000, 4000, 3004, 3006, 4006, 1006, 1002, 6002, 6002, 6002, 6001, 6002, 6002, 6002, 6002, 6001, 2002, 1, 1, 1, 4004, 4000, 4000, 4000, 4000, 4000, 5006, 2006, 4000, 4000, 4000, 4000, 4000, 4000, 4000, 4000, 4000, 4000, 
4000, 4000, 4000, 4000, 4000, 4000, 3004, 5006, 2006, 4000, 4000, 4000, 3005, 2005, 5006, 2006, 1006, 2, 2, 2, 2, 2, 2, 2, 2, 2, 4004, 3000, 3000, 3000, 4000, 4000, 4000, 4000, 4000, 4000, 5006, 2006, 4000, 4000, 4000, 4000, 4000, 4000, 4000, 4000, 4000, 4000, 
4000, 4000, 4000, 4000, 4000, 4000, 3004, 6006, 3006, 4000, 4000, 4000, 4000, 3004, 5006, 2006, 2006, 3000, 3000, 3000, 3000, 3000, 3000, 3000, 3000, 3000, 4000, 4000, 4000, 4000, 4000, 4000, 4000, 4000, 4000, 4000, 5006, 2006, 4000, 4000, 4000, 4000, 4000, 4000, 4000, 4000, 4000, 4000, 
4000, 4000, 4000, 4000, 4000, 4000, 3005, 3000, 3000, 4000, 4000, 4000, 4000, 3004, 5006, 2006, 2006, 4000, 4000, 4000, 4000, 4000, 4000, 4000, 4000, 4000, 4000, 4000, 4000, 4000, 4000, 4000, 4000, 4000, 4000, 4000, 5006, 2006, 4000, 4000, 4000, 4000, 4000, 4000, 4000, 4000, 4000, 4000, 
4000, 4000, 4000, 4000, 4000, 4000, 4000, 4000, 4000, 4000, 4000, 4000, 4000, 3004, 5006, 2006, 2006, 4000, 4000, 4000, 4000, 4000, 4000, 4000, 4000, 4000, 4000, 4000, 4000, 4000, 4000, 4000, 4000, 4000, 4000, 4000, 5006, 2006, 4000, 4000, 4000, 4000, 4000, 4000, 4000, 4000, 4000, 4000, 
@Fore
-1, -1, -1, -1, -1, -1, -1, 4, 5, 6, -1, -1, -1, -1, -1, -1, -1, -1, -1, -1, -1, -1, -1, -1, -1, -1, -1, -1, -1, -1, -1, -1, -1, -1, -1, -1, -1, -1, -1, -1, -1, -1, -1, -1, -1, -1, -1, -1, 
-1, -1, -1, -1, -1, -1, -1, -1, -1, -1, -1, -1, -1, -1, -1, -1, -1, -1, -1, 4, 6, -1, -1, -1, -1, -1, -1, -1, -1, -1, -1, -1, -1, -1, -1, -1, -1, -1, -1, -1, -1, -1, -1, -1, -1, -1, -1, -1, 
-1, -1, 4, 5, 6, -1, -1, -1, -1, -1, -1, -1, -1, -1, -1, -1, -1, -1, -1, -1, -1, -1, -1, -1, -1, -1, -1, -1, -1, -1, -1, -1, -1, -1, -1, -1, -1, -1, -1, -1, -1, -1, -1, -1, -1, -1, -1, -1, 
-1, 6, -1, -1, -1, -1, -1, -1, -1, -1, 4, 6, -1, -1, -1, -1, -1, -1, -1, -1, -1, -1, -1, -1, 4, 6, -1, -1, -1, -1, -1, -1, -1, -1, -1, -1, -1, -1, -1, -1, -1, -1, -1, -1, -1, -1, -1, -1, 
-1, -1, -1, -1, -1, 4, 6, -1, -1, -1, -1, -1, -1, -1, -1, -1, 4, 6, -1, -1, -1, -1, -1, -1, -1, -1, -1, -1, -1, -1, -1, -1, -1, -1, -1, -1, -1, -1, -1, -1, -1, -1, -1, -1, -1, -1, -1, -1, 
-1, 6, -1, -1, -1, -1, -1, -1, -1, -1, -1, -1, -1, -1, -1, -1, -1, -1, -1, -1, -1, -1, -1, -1, -1, -1, -1, -1, -1, -1, -1, -1, -1, -1, -1, -1, -1, 4, 6, -1, -1, -1, -1, -1, -1, -1, -1, -1, 
-1, -1, -1, -1, -1, -1, -1, -1, -1, 4, 6, -1, -1, -1, -1, -1, -1, -1, -1, -1, 4, 5, 6, -1, -1, -1, -1, -1, -1, -1, -1, -1, -1, -1, -1, -1, -1, -1, -1, -1, -1, -1, -1, -1, -1, -1, -1, -1, 
-1, -1, -1, -1, -1, -1, -1, -1, -1, -1, -1, -1, -1, 4, 5, 5, 5, 5, 6, -1, -1, -1, -1, -1, -1, -1, -1, -1, -1, -1, -1, -1, -1, -1, -1, -1, -1, -1, -1, -1, -1, -1, -1, -1, -1, -1, -1, -1, 
-1, -1, -1, -1, -1, -1, -1, -1, -1, -1, -1, -1, -1, -1, -1, -1, -1, -1, -1, -1, -1, -1, -1, -1, -1, -1, -1, -1, -1, -1, -1, -1, -1, -1, -1, -1, -1, -1, -1, -1, -1, -1, -1, -1, -1, -1, -1, -1, 
-1, -1, -1, -1, -1, -1, -1, -1, -1, -1, -1, -1, -1, -1, -1, -1, -1, -1, -1, -1, -1, -1, -1, 4, 5, 5, 6, -1, -1, -1, -1, -1, -1, -1, -1, -1, -1, -1, 4, 5, 5, 6, -1, -1, -1, -1, -1, -1, 
-1, -1, -1, -1, -1, -1, -1, -1, -1, -1, -1, -1, -1, -1, -1, -1, -1, -1, -1, -1, -1, -1, -1, -1, -1, -1, -1, -1, -1, -1, -1, -1, -1, -1, -1, 4, 6, -1, -1, -1, -1, -1, -1, -1, -1, -1, -1, -1, 
-1, -1, -1, -1, -1, -1, -1, -1, -1, -1, -1, -1, -1, -1, -1, -1, -1, -1, -1, -1, -1, -1, -1, -1, -1, -1, -1, -1, -1, -1, -1, -1, -1, 4, 6, -1, -1, -1, -1, -1, -1, -1, -1, -1, -1, -1, -1, -1, 
-1, -1, -1, -1, -1, -1, -1, -1, -1, -1, -1, -1, -1, -1, -1, -1, -1, -1, -1, -1, -1, -1, -1, -1, -1, -1, -1, -1, -1, 4, 5, 5, 6, -1, -1, -1, -1, -1, -1, -1, -1, -1, -1, -1, -1, -1, -1, -1, 
-1, -1, -1, -1, -1, -1, -1, -1, -1, -1, -1, -1, -1, -1, -1, -1, -1, -1, -1, -1, -1, -1, -1, -1, -1, -1, -1, -1, -1, -1, -1, -1, -1, -1, -1, -1, -1, -1, -1, -1, -1, -1, -1, -1, -1, -1, -1, -1, 
-1, -1, -1, -1, -1, -1, -1, -1, -1, -1, -1, -1, -1, -1, -1, -1, -1, -1, -1, -1, -1, -1, -1, -1, -1, -1, -1, -1, -1, -1, -1, -1, -1, -1, -1, -1, -1, -1, -1, -1, -1, -1, -1, -1, -1, -1, -1, -1, 
-1, -1, -1, -1, -1, -1, -1, -1, -1, -1, -1, -1, -1, -1, -1, -1, -1, -1, -1, -1, -1, -1, -1, -1, -1, -1, -1, -1, -1, -1, -1, -1, -1, -1, -1, -1, -1, -1, -1, -1, -1, -1, -1, -1, -1, -1, -1, -1, 
-1, -1, -1, -1, -1, -1, -1, -1, -1, -1, -1, -1, -1, -1, -1, -1, -1, -1, -1, -1, -1, -1, -1, -1, -1, -1, -1, -1, -1, -1, -1, -1, -1, -1, -1, -1, -1, -1, -1, -1, -1, -1, -1, -1, -1, -1, -1, -1, 
-1, -1, -1, -1, -1, -1, -1, -1, -1, -1, -1, -1, -1, -1, -1, -1, -1, -1, -1, -1, -1, -1, -1, -1, -1, -1, -1, -1, -1, -1, -1, -1, -1, -1, -1, -1, -1, -1, -1, -1, -1, -1, -1, -1, -1, -1, -1, -1, 
-1, -1, -1, -1, -1, -1, -1, -1, -1, -1, -1, -1, -1, -1, -1, -1, -1, -1, -1, -1, -1, -1, -1, -1, -1, -1, -1, -1, -1, -1, -1, -1, -1, -1, -1, -1, -1, -1, -1, -1, -1, -1, -1, -1, -1, -1, -1, -1, 
-1, -1, -1, -1, -1, -1, -1, -1, -1, -1, -1, -1, -1, -1, -1, -1, -1, -1, -1, -1, -1, -1, -1, -1, -1, -1, -1, -1, -1, -1, -1, -1, -1, -1, -1, -1, -1, -1, -1, -1, -1, -1, -1, -1, -1, -1, -1, -1, 
-1, -1, -1, -1, -1, -1, -1, -1, -1, -1, -1, -1, -1, -1, -1, -1, -1, -1, -1, -1, -1, -1, -1, -1, -1, -1, -1, -1, -1, -1, -1, -1, -1, -1, -1, -1, -1, -1, -1, -1, -1, -1, -1, -1, -1, -1, -1, -1, 
-1, -1, -1, -1, -1, -1, -1, -1, -1, -1, -1, -1, -1, -1, -1, -1, -1, -1, -1, -1, -1, -1, -1, -1, -1, -1, -1, -1, -1, -1, -1, -1, -1, -1, -1, -1, -1, -1, -1, -1, -1, -1, -1, -1, -1, -1, -1, -1, 
-1, -1, -1, -1, -1, -1, -1, -1, -1, -1, -1, -1, -1, -1, -1, -1, -1, -1, -1, -1, -1, -1, -1, -1, -1, -1, -1, -1, -1, -1, -1, -1, -1, -1, -1, -1, -1, -1, -1, -1, -1, -1, -1, -1, -1, -1, -1, -1, 
-1, -1, -1, -1, -1, -1, -1, -1, -1, -1, -1, -1, -1, -1, -1, -1, -1, -1, -1, -1, -1, -1, -1, -1, -1, -1, -1, -1, -1, -1, -1, -1, -1, -1, -1, -1, -1, -1, -1, -1, -1, -1, -1, -1, -1, -1, -1, -1, 
@MapLine  110
   96,   -3,       89, 1727,    0.99999,0.00405
  192,  308,      191,  357,    0.99979,0.02040
  192,  356,       96,  356,    0.00000,1.00000
   96,  308,      194,  309,    0.01020,-0.99995
   96,  500,      192,  500,    0.00000,-1.00000
  192,  548,       96,  548,    0.00000,1.00000
  192,  500,      192,  548,    1.00000,-0.00000
  192,  258,      192,  210,    -1.00000,-0.00000
  480,  260,      192,  260,    0.00000,1.00000
  192,  212,      480,  212,    0.00000,-1.00000
  479,  211,      479,  259,    1.00000,-0.00000
  864,    4,      100,    4,    0.00000,1.00000
  480,  452,      480,  404,    -1.00000,-0.00000
  480,  405,      672,  405,    0.00000,-1.00000
  672,  404,      672,  452,    1.00000,-0.00000
  672,  452,      480,  452,    0.00000,1.00000
  865,  642,      864,  596,    -0.99976,0.02173
 1052,  644,      864,  644,    0.00000,1.00000
  864,  596,     1052,  596,    0.00000,-1.00000
 1052,  596,     1052,  644,    1.00000,-0.00000
 1148,  356,      960,  356,    0.00000,1.00000
 1148,  310,     1148,  358,    1.00000,-0.00000
  959,  309,     1147,  309,    0.00000,-1.00000
  959,  356,      959,  308,    -1.00000,-0.00000
 1248,  740,     1248,  688,    -1.00000,-0.00000
 1824,  740,     1248,  740,    0.00000,1.00000
 1823,  690,     1823,  738,    1.00000,-0.00000
 1248,  692,     1820,  692,    0.00000,-1.00000
 1724,  452,     1536,  452,    0.00000,1.00000
 1536,  452,     1536,  404,    -1.00000,-0.00000
 1536,  404,     1728,  404,    0.00000,-1.00000
 1725,  404,     1725,  452,    1.00000,-0.00000
 2205,  645,     1920,  644,    -0.00351,0.99999
 2206,  594,     2206,  646,    1.00000,-0.00000
 1920,  596,     2204,  596,    0.00000,-1.00000
 1920,  644,     1920,  596,    -1.00000,-0.00000
 2496,  356,     2304,  356,    0.00000,1.00000
 2304,  356,     2304,  312,    -1.00000,-0.00000
 2301,  310,     2493,  310,    0.00000,-1.00000
 2496,  308,     2496,  356,    1.00000,-0.00000
 2592,  932,     2208,  932,    0.00000,1.00000
 2208,  934,     2208,  882,    -1.00000,-0.00000
 2207,  883,     2591,  883,    0.00000,-1.00000
 2592,  884,     2592,  932,    1.00000,-0.00000
 3168, 1220,     2784, 1220,    0.00000,1.00000
 3168, 1172,     3168, 1220,    1.00000,-0.00000
 2784, 1172,     3168, 1172,    0.00000,-1.00000
 2784, 1220,     2784, 1172,    -1.00000,-0.00000
 3168, 1124,     3168, 1076,    -1.00000,-0.00000
 3168, 1076,     3360, 1076,    0.00000,-1.00000
 3360, 1076,     3360, 1124,    1.00000,-0.00000
 3360, 1124,     3168, 1124,    0.00000,1.00000
 3360, 1028,     3360,  980,    -1.00000,-0.00000
 3360,  980,     3552,  980,    0.00000,-1.00000
 3552,  980,     3552, 1028,    1.00000,-0.00000
 3552, 1028,     3360, 1028,    0.00000,1.00000
 3648,  932,     3648,  884,    -1.00000,-0.00000
 4032,  884,     4032,  932,    1.00000,-0.00000
 4032,  932,     3648,  932,    0.00000,1.00000
 4224,  960,     4612,  962,    0.00515,-0.99999
 4600,  963,     4596,    0,    -0.99999,0.00415
   92, 1728,      480, 1728,    0.00000,-1.00000
  480, 1728,      480, 1632,    -1.00000,-0.00000
  480, 1632,      672, 1632,    0.00000,-1.00000
  672, 1632,      672, 1536,    -1.00000,-0.00000
  672, 1536,      864, 1540,    0.02083,-0.99978
  864, 1540,      864, 1632,    1.00000,-0.00000
  864, 1636,     1344, 1632,    -0.00833,-0.99997
 1344, 1631,     1344, 1728,    1.00000,-0.00000
 1344, 1728,     1536, 1728,    0.00000,-1.00000
 1536, 1728,     1536, 1824,    1.00000,-0.00000
 1536, 1824,     1632, 1824,    0.00000,-1.00000
 1632, 1824,     1632, 1924,    1.00000,-0.00000
 1632, 1924,     2494, 1921,    -0.00348,-0.99999
 2496, 1924,     2496, 1824,    -1.00000,-0.00000
 2496, 1824,     2880, 1824,    0.00000,-1.00000
 2880, 1824,     2880, 1728,    -1.00000,-0.00000
 2880, 1728,     2976, 1728,    0.00000,-1.00000
 2976, 1728,     2976, 1632,    -1.00000,-0.00000
 2976, 1632,     3360, 1632,    0.00000,-1.00000
 3360, 1632,     3360, 1536,    -1.00000,-0.00000
 3359, 1536,     3454, 1536,    0.00000,-1.00000
 3456, 1536,     3456, 1440,    -1.00000,-0.00000
 3456, 1440,     3648, 1440,    0.00000,-1.00000
 3648, 1440,     3648, 1344,    -1.00000,-0.00000
 3648, 1344,     3748, 1344,    0.00000,-1.00000
 3745, 1344,     3745, 1248,    -1.00000,-0.00000
 3743, 1247,     3837, 1247,    0.00000,-1.00000
 3840, 1248,     3840, 1152,    -1.00000,-0.00000
 3837, 1152,     4129, 1152,    0.00000,-1.00000
 4128, 1152,     4128, 1056,    -1.00000,-0.00000
 4128, 1056,     4224, 1056,    0.00000,-1.00000
 4224, 1056,     4224,  960,    -1.00000,-0.00000
 2688,  480,     2688,  288,    -1.00000,-0.00000
 2688,  288,     2880,  288,    0.00000,-1.00000
 2880,  288,     2880,  480,    1.00000,-0.00000
 2880,  480,     2688,  480,    0.00000,1.00000
  672,   68,      672,   20,    -1.00000,-0.00000
  673,   21,      957,   21,    0.00000,-1.00000
  959,   19,      959,   67,    1.00000,-0.00000
  960,   68,      672,   68,    0.00000,1.00000
 1824,  164,     1824,  116,    -1.00000,-0.00000
 1824,  116,     2012,  116,    0.00000,-1.00000
 2012,  116,     2012,  164,    1.00000,-0.00000
 2011,  163,     1823,  163,    0.00000,1.00000
 3740,  548,     3552,  548,    0.00000,1.00000
 3552,  548,     3552,  500,    -1.00000,-0.00000
 3552,  500,     3740,  500,    0.00000,-1.00000
 3740,  500,     3740,  552,    1.00000,-0.00000
 3648,  884,     4032,  884,    0.00000,-1.00000
@EvtMap  19
 1030,  261,     3, 4, 0
  108,  412,     3, 20, 0
  187,  351,     3, 10, 0
  187,  399,     3, 10, 0
  187,  448,     3, 10, 0
  187,  303,     3, 10, 0
  187,  495,     3, 10, 0
 1547,  645,     3, 4, 0
 1514,  305,     3, 20, 0
 2526,  284,     3, 20, 0
 3225, 1029,     3, 4, 0
 3111, 1585,     3, 4, 0
 2611, 1776,     3, 4, 0
 2120, 1875,     3, 4, 0
 1216, 1587,     3, 4, 0
  790, 1488,     3, 4, 0
 3707,  598,     3, 20, 0
 4440,  913,     2, 20, 0
  113,  284,     2, 5, 0
