@MapData  80, 25, 48, 48, ../image/mapchip3.png
@Back
-1, -1, -1, -1, -1, -1, -1, -1, -1, -1, -1, -1, -1, -1, -1, -1, -1, -1, -1, -1, -1, -1, -1, -1, -1, -1, -1, -1, -1, -1, -1, -1, -1, -1, -1, -1, -1, -1, -1, -1, -1, -1, -1, -1, -1, -1, -1, -1, -1, -1, -1, -1, -1, -1, -1, -1, -1, -1, -1, -1, -1, -1, -1, -1, -1, -1, -1, -1, -1, -1, -1, -1, -1, -1, -1, -1, -1, -1, -1, -1, 
-1, -1, -1, -1, -1, -1, -1, -1, -1, -1, -1, -1, -1, -1, -1, -1, -1, -1, -1, -1, -1, -1, -1, -1, -1, -1, -1, -1, -1, -1, -1, -1, -1, -1, -1, -1, -1, -1, -1, -1, -1, -1, -1, -1, -1, -1, -1, -1, -1, -1, -1, -1, -1, -1, -1, -1, -1, -1, -1, -1, -1, -1, -1, -1, -1, -1, -1, -1, -1, -1, -1, -1, -1, -1, -1, -1, -1, -1, -1, -1, 
-1, -1, -1, -1, -1, -1, -1, -1, -1, -1, -1, -1, -1, -1, -1, -1, -1, -1, -1, -1, -1, -1, -1, -1, -1, -1, -1, -1, -1, -1, -1, -1, -1, -1, -1, -1, -1, -1, -1, -1, -1, -1, -1, -1, -1, -1, -1, -1, -1, -1, -1, -1, -1, -1, -1, -1, -1, -1, -1, -1, -1, -1, -1, -1, -1, -1, -1, -1, -1, -1, -1, -1, -1, -1, -1, -1, -1, -1, -1, -1, 
-1, -1, -1, -1, -1, -1, -1, -1, -1, -1, -1, -1, -1, -1, -1, -1, -1, -1, -1, -1, -1, -1, -1, -1, -1, -1, -1, -1, -1, -1, -1, -1, -1, -1, -1, -1, -1, -1, -1, -1, -1, -1, -1, -1, -1, -1, -1, -1, -1, -1, -1, -1, -1, -1, -1, -1, -1, -1, -1, -1, -1, -1, -1, -1, -1, -1, -1, -1, -1, -1, -1, -1, -1, -1, -1, -1, -1, -1, -1, -1, 
-1, -1, -1, -1, -1, -1, -1, -1, -1, -1, -1, -1, -1, -1, -1, -1, -1, -1, -1, -1, -1, -1, -1, -1, -1, -1, -1, -1, -1, -1, -1, -1, -1, -1, -1, -1, -1, -1, -1, -1, -1, -1, -1, -1, -1, -1, -1, -1, -1, -1, -1, -1, -1, -1, -1, -1, -1, -1, -1, -1, -1, -1, -1, -1, -1, -1, -1, -1, -1, -1, -1, -1, -1, -1, -1, -1, -1, -1, -1, -1, 
-1, -1, -1, -1, -1, -1, -1, -1, -1, -1, -1, -1, -1, -1, -1, -1, -1, -1, -1, -1, -1, -1, -1, -1, -1, -1, -1, -1, -1, -1, -1, -1, -1, -1, -1, -1, -1, -1, -1, -1, -1, -1, -1, -1, -1, -1, -1, -1, -1, -1, -1, -1, -1, -1, -1, -1, -1, -1, -1, -1, -1, -1, -1, -1, -1, -1, -1, -1, -1, -1, -1, -1, -1, -1, -1, -1, -1, -1, -1, -1, 
3001, 3001, 3001, 3001, 3001, 3001, 3001, 3001, 3001, 3001, 3001, 3001, 3001, 3001, 3001, 3001, 3001, 3001, 3001, 3001, 3001, 3001, 3001, 3001, 3001, 3001, 3001, 3001, 3001, 3001, 3001, 3001, 3001, 3001, 3001, 3001, 3001, 3001, 3001, 3001, 3001, 3001, 3001, 3001, 3001, 3001, 3001, 3001, 3001, 3001, 3001, 3001, 3001, 3001, 3001, 3001, 3001, 3001, 3001, 3001, 3001, -1, -1, -1, -1, -1, -1, -1, -1, -1, -1, -1, -1, -1, -1, -1, -1, -1, -1, -1, 
3001, 3001, 3001, 3001, 3001, 3001, 3001, 3001, 3001, 3001, 3001, 3001, 3001, 3001, 3001, 3001, 3001, 3003, 2008, 2006, 2006, 2006, 2006, 2006, 2006, 2006, 2006, 2006, 2006, 2006, 2006, 2006, 2006, 2006, 2006, 2006, 2006, 2006, 2006, 2006, 2006, 2006, 2006, 2001, 2001, 2001, 2001, 2001, 2001, 2001, 2001, 2001, 2001, 2001, 2001, 2001, 2001, 2001, 2001, 2001, 2003, -1, -1, -1, -1, -1, -1, -1, -1, -1, -1, -1, -1, -1, -1, -1, -1, -1, -1, -1, 
3001, 3001, 3001, 3001, 3001, 3001, 3001, 3001, 3001, 3001, 3001, 3001, 3001, 3001, 3001, 3001, 3001, 3003, 3012, 3011, 3011, 3011, 3011, 3011, 3011, 3011, 3011, 3011, 3011, 3011, 3011, 3011, 3011, 3011, 3011, 3011, 3011, 3011, 3011, 3011, 3011, 3011, 3011, 3001, 3001, 3001, 3001, 3001, 3001, 3001, 3001, 3001, 3001, 3001, 3001, 3001, 3001, 3001, 3001, 3001, 3003, -1, -1, -1, -1, -1, -1, -1, -1, -1, -1, -1, -1, -1, -1, -1, -1, -1, -1, -1, 
3001, 3001, 3001, 3001, 3001, 3001, 3001, 3001, 3001, 3001, 3001, 3001, 3001, 3001, 3001, 3001, 3001, 3003, 2008, 2006, 2006, 2006, 3007, 2006, 2006, 2006, 2006, 3007, 2006, 2006, 2006, 2006, 2006, 2006, 3007, 2006, 2006, 2006, 2006, 2006, 2006, 2006, 2006, 3001, 3001, 3001, 3001, 3001, 3001, 3001, 3001, 3001, 3001, 3001, 3001, 3001, 3001, 3001, 3001, 3001, 3003, -1, -1, -1, -1, -1, -1, -1, -1, -1, -1, -1, -1, -1, -1, -1, -1, -1, -1, -1, 
3001, 3001, 3001, 3001, 3001, 3001, 3001, 3001, 3001, 3001, 3001, 3001, 3001, 3001, 3001, 3001, 3001, 3003, 3012, 3011, 3011, 3011, 3011, 3011, 3011, 3011, 3011, 3011, 3011, 3011, 3011, 3011, 3011, 3011, 3011, 3011, 3011, 3011, 3011, 3011, 3011, 3011, 3011, 3001, 3001, 3001, 3001, 3001, 3001, 3001, 3001, 3001, 3001, 3001, 3001, 3001, 3001, 3001, 3001, 3001, 3003, -1, -1, -1, -1, -1, -1, -1, -1, -1, -1, -1, -1, -1, -1, -1, -1, -1, -1, -1, 
3001, 3001, 3001, 3001, 3001, 3001, 3001, 3001, 3001, 3001, 3001, 3001, 3001, 3001, 3001, 3001, 3001, 3003, 3012, 3011, 3011, 3011, 3011, 3011, 3011, 3011, 3011, 3011, 3011, 3011, 3011, 3011, 3011, 3011, 3011, 3011, 3011, 3011, 3011, 3011, 3011, 3011, 3011, 3001, 3001, 3001, 3001, 3001, 3001, 3001, 3001, 3001, 3001, 3001, 3001, 3001, 3001, 3001, 3001, 3001, 3003, -1, -1, -1, -1, -1, -1, -1, -1, -1, -1, -1, -1, -1, -1, -1, -1, -1, -1, -1, 
3001, 3001, 3001, 3001, 3001, 3001, 3001, 3001, 3001, 3001, 3001, 3001, 3001, 3001, 3001, 3001, 3001, 3003, 3012, 3011, 3011, 3011, 3011, 3011, 3011, 3011, 3011, 3011, 3011, 3011, 3011, 3011, 3011, 3011, 3011, 3011, 3011, 4008, 2019, 4009, 3011, 3011, 3011, 3001, 3001, 3001, 3001, 3001, 3001, 3001, 3001, 3001, 3001, 3001, 3001, 3001, 3001, 3001, 3001, 3001, 3003, -1, -1, -1, -1, -1, -1, -1, -1, -1, -1, -1, -1, -1, -1, -1, -1, -1, -1, -1, 
3001, 3001, 3001, 3001, 3001, 3001, 3001, 3001, 3001, 3001, 3001, 3001, 3001, 3001, 3001, 3001, 3001, 3003, 3012, 3011, 3011, 3011, 3011, 3011, 3011, 3011, 3011, 3011, 3011, 3011, 3011, 3011, 3011, 3011, 3011, 3011, 3011, 5008, 3019, 5009, 3011, 3011, 3011, 3001, 3001, 3001, 3001, 3001, 3001, 3001, 3001, 3001, 3001, 3001, 3001, 3001, 3001, 3001, 3001, 3001, 3003, -1, -1, -1, -1, -1, -1, -1, -1, -1, -1, -1, -1, -1, -1, -1, -1, -1, -1, -1, 
3001, 3001, 3001, 3001, 3001, 3001, 3001, 3001, 3001, 3001, 3001, 3001, 3001, 3001, 3001, 3001, 3001, 3003, 3012, 3011, 3011, 3011, 3011, 3011, 3011, 3011, 3011, 3011, 3011, 3011, 3011, 3011, 3013, 2002, 2001, 2001, 2001, 2001, 2001, 2001, 3001, 3001, 3001, 3001, 3001, 3001, 3001, 3001, 3001, 3001, 3001, 3001, 3001, 3001, 3001, 3001, 3001, 3001, 3001, 3001, 3003, -1, -1, -1, -1, -1, -1, -1, -1, -1, -1, -1, -1, -1, -1, -1, -1, -1, -1, -1, 
3002, 3001, 3001, 3001, 3001, 3001, 3001, 3001, 3001, 3001, 3001, 3001, 3001, 3001, 3001, 3001, 3001, 3003, 3012, 3011, 3011, 3011, 3011, 3011, 3011, 3011, 3011, 3011, 3011, 3011, 3011, 3011, 3013, 3002, 3001, 3001, 3001, 3001, 3001, 3001, 3001, 3001, 3001, 3001, 3001, 3001, 3001, 3001, 3001, 3001, 3001, 3001, 3001, 3001, 3001, 3001, 3001, 3001, 3001, 3001, 3003, -1, -1, -1, -1, -1, -1, -1, -1, -1, -1, -1, -1, -1, -1, -1, -1, -1, -1, -1, 
2006, 2006, 2006, 2006, 2006, 2006, 2006, 2006, 2006, 2006, 2006, 2006, 2006, 2006, 2006, 2006, 2006, 2006, 3011, 3011, 3011, 3011, 3011, 3011, 3011, 3011, 3011, 3011, 3011, 3011, 3011, 3011, 3013, 3002, 3001, 3001, 3001, 3001, 3001, 3001, 3001, 3001, 3001, 3001, 3001, 3001, 3001, 3001, 3001, 3001, 3001, 3001, 3001, 3001, 3001, 3001, 3001, 3001, 3001, 3001, 3003, -1, -1, -1, -1, -1, -1, -1, -1, -1, -1, -1, -1, -1, -1, -1, -1, -1, -1, -1, 
2006, 2007, 2006, 2006, 2007, 2006, 2006, 2007, 2006, 2006, 2007, 2006, 2006, 2007, 2006, 2006, 2007, 2006, 2006, 2006, 2006, 2006, 3007, 2006, 2002, 2001, 2003, 3007, 2006, 2006, 2006, 2006, 2009, 3002, 3001, 3001, 3001, 3001, 3001, 3001, 3001, 3001, 3001, 3001, 3001, 3001, 3001, 3001, 3001, 3001, 3001, 3001, 3001, 3001, 3001, 3001, 3001, 3001, 3001, 3001, 3003, -1, -1, -1, -1, -1, -1, -1, -1, -1, -1, -1, -1, -1, -1, -1, -1, -1, -1, -1, 
3006, 3006, 3006, 3006, 3006, 3011, 3011, 3011, 3011, 3011, 3011, 3011, 3011, 3011, 3011, 3011, 3011, 3011, 3011, 3011, 3011, 3011, 3011, 3011, 3002, 3001, 3003, 3011, 3011, 3011, 3011, 3011, 3013, 3002, 3001, 3001, 3001, 3001, 3001, 3001, 3001, 3001, 3001, 3001, 3001, 3001, 3001, 3001, 3001, 3001, 3001, 3001, 3001, 3001, 3001, 3001, 3001, 3001, 3001, 3001, 3003, -1, -1, -1, -1, -1, -1, -1, -1, -1, -1, -1, -1, -1, -1, -1, -1, -1, -1, -1, 
3001, 3001, 3001, 3001, 3001, 3011, 3011, 3011, 3011, 3011, 3011, 3011, 3011, 3011, 3011, 3011, 3011, 3011, 3011, 3011, 3011, 3011, 3011, 3011, 3002, 3001, 3003, 3011, 3011, 3011, 3011, 3011, 3013, 3002, 3001, 3001, 3001, 3001, 3001, 3001, 3001, 3001, 3001, 3001, 3001, 3001, 3001, 3001, 3001, 3001, 3001, 3001, 3001, 3001, 3001, 3001, 3001, 3001, 3001, 3001, 3003, -1, -1, -1, -1, -1, -1, -1, -1, -1, -1, -1, -1, -1, -1, -1, -1, -1, -1, -1, 
3001, 3001, 3001, 3001, 3001, 3001, 3011, 3006, 3006, 3011, 3011, 3011, 3011, 3011, 3011, 3011, 3011, 3011, 2002, 2001, 2003, 3011, 3011, 3011, 3002, 3001, 3003, 3011, 3011, 3011, 3011, 3011, 3013, 3002, 3001, 3001, 3001, 3001, 3001, 3001, 3001, 3001, 3001, 3001, 3001, 3001, 3001, 3001, 3001, 3001, 3001, 3001, 3001, 3001, 3001, 3001, 3001, 3001, 3001, 3001, 3003, -1, -1, -1, -1, -1, -1, -1, -1, -1, -1, -1, -1, -1, -1, -1, -1, -1, -1, -1, 
3001, 3001, 3001, 3001, 3001, 3001, 3001, 2001, 2003, 3011, 3011, 2000, 2000, 2000, 2000, 2000, 3011, 3011, 3002, 3001, 3003, 3011, 3011, 3011, 3002, 3001, 3003, 3011, 3011, 3011, 3011, 3011, 3013, 3002, 3001, 3001, 3001, 3001, 3001, 3001, 3001, 3001, 3001, 3001, 3001, 3001, 3001, 3001, 3001, 3001, 3001, 3001, 3001, 3001, 3001, 3001, 3001, 3001, 3001, 3001, 3003, -1, -1, -1, -1, -1, -1, -1, -1, -1, -1, -1, -1, -1, -1, -1, -1, -1, -1, -1, 
3001, 3001, 3001, 3001, 3001, 3001, 3001, 3001, 3003, 3011, 3011, 3011, 3011, 3011, 3011, 3011, 3011, 3011, 3002, 3001, 3003, 3011, 3011, 3011, 3002, 3001, 3003, 3011, 3011, 3011, 3011, 3011, 3013, 3002, 3001, 3001, 3001, 3001, 3001, 3001, 3001, 3001, 3001, 3001, 3001, 3001, 3001, 3001, 3001, 3001, 3001, 3001, 3001, 3001, 3001, 3001, 3001, 3001, 3001, 3001, 3003, -1, -1, -1, -1, -1, -1, -1, -1, -1, -1, -1, -1, -1, -1, -1, -1, -1, -1, -1, 
3001, 3001, 3001, 3001, 3001, 3001, 3001, 3001, 3003, 3011, 3011, 3011, 3011, 3011, 3011, 3011, 3011, 3011, 3002, 3001, 3003, 3011, 3011, 3011, 3002, 3001, 3003, 3011, 3011, 3011, 3011, 3011, 3013, 3002, 3001, 3001, 3001, 3001, 3001, 3001, 3001, 3001, 3001, 3001, 3001, 3001, 3001, 3001, 3001, 3001, 3001, 3001, 3001, 3001, 3001, 3001, 3001, 3001, 3001, 3001, 3003, -1, -1, -1, -1, -1, -1, -1, -1, -1, -1, -1, -1, -1, -1, -1, -1, -1, -1, -1, 
3001, 3001, 3001, 3001, 3001, 3001, 3001, 3001, 3003, 3011, 3006, 3006, 3006, 3011, 3011, 3006, 3006, 3011, 3002, 3001, 3003, 3006, 3006, 3006, 3002, 3001, 3003, 3006, 3006, 3006, 3006, 3006, 3013, 3002, 3001, 3001, 3001, 3001, 3001, 3001, 3001, 3001, 3001, 3001, 3001, 3001, 3001, 3001, 3001, 3001, 3001, 3001, 3001, 3001, 3001, 3001, 3001, 3001, 3001, 3001, 3003, -1, -1, -1, -1, -1, -1, -1, -1, -1, -1, -1, -1, -1, -1, -1, -1, -1, -1, -1, 
@Fore
-1, -1, -1, -1, -1, -1, -1, -1, -1, -1, -1, -1, -1, -1, -1, -1, -1, -1, -1, -1, -1, -1, -1, -1, -1, -1, -1, -1, -1, -1, -1, -1, -1, -1, -1, -1, -1, -1, -1, -1, -1, -1, -1, -1, -1, -1, -1, -1, -1, -1, -1, -1, -1, -1, -1, -1, -1, -1, -1, -1, -1, -1, -1, -1, -1, -1, -1, -1, -1, -1, -1, -1, -1, -1, -1, -1, -1, -1, -1, -1, 
-1, -1, -1, -1, -1, -1, -1, -1, -1, -1, -1, -1, -1, -1, -1, -1, -1, -1, -1, -1, -1, -1, -1, -1, -1, -1, -1, -1, -1, -1, -1, -1, -1, -1, -1, -1, -1, -1, -1, -1, -1, -1, -1, -1, -1, -1, -1, -1, -1, -1, -1, -1, -1, -1, -1, -1, -1, -1, -1, -1, -1, -1, -1, -1, -1, -1, -1, -1, -1, -1, -1, -1, -1, -1, -1, -1, -1, -1, -1, -1, 
-1, -1, -1, -1, -1, -1, -1, -1, -1, -1, -1, -1, -1, -1, -1, -1, -1, -1, -1, -1, -1, -1, -1, -1, -1, -1, -1, -1, -1, -1, -1, -1, -1, -1, -1, -1, -1, -1, -1, -1, -1, -1, -1, -1, -1, -1, -1, -1, -1, -1, -1, -1, -1, -1, -1, -1, -1, -1, -1, -1, -1, -1, -1, -1, -1, -1, -1, -1, -1, -1, -1, -1, -1, -1, -1, -1, -1, -1, -1, -1, 
-1, -1, -1, -1, -1, -1, -1, -1, -1, -1, -1, -1, -1, -1, -1, -1, -1, -1, -1, -1, -1, -1, -1, -1, -1, -1, -1, -1, -1, -1, -1, -1, -1, -1, -1, -1, -1, -1, -1, -1, -1, -1, -1, -1, -1, -1, -1, -1, -1, -1, -1, -1, -1, -1, -1, -1, -1, -1, -1, -1, -1, -1, -1, -1, -1, -1, -1, -1, -1, -1, -1, -1, -1, -1, -1, -1, -1, -1, -1, -1, 
-1, -1, -1, -1, -1, -1, -1, -1, -1, -1, -1, -1, -1, -1, -1, -1, -1, -1, -1, -1, -1, -1, -1, -1, -1, -1, -1, -1, -1, -1, -1, -1, -1, -1, -1, -1, -1, -1, -1, -1, -1, -1, -1, -1, -1, -1, -1, -1, -1, -1, -1, -1, -1, -1, -1, -1, -1, -1, -1, -1, -1, -1, -1, -1, -1, -1, -1, -1, -1, -1, -1, -1, -1, -1, -1, -1, -1, -1, -1, -1, 
-1, -1, -1, -1, -1, -1, -1, -1, -1, -1, -1, -1, -1, -1, -1, -1, -1, -1, -1, -1, -1, -1, -1, -1, -1, -1, -1, -1, -1, -1, -1, -1, -1, -1, -1, -1, -1, -1, -1, -1, -1, -1, -1, -1, -1, -1, -1, -1, -1, -1, -1, -1, -1, -1, -1, -1, -1, -1, -1, -1, -1, -1, -1, -1, -1, -1, -1, -1, -1, -1, -1, -1, -1, -1, -1, -1, -1, -1, -1, -1, 
-1, -1, -1, -1, -1, -1, -1, -1, -1, -1, -1, -1, -1, -1, -1, -1, -1, -1, -1, -1, -1, -1, -1, -1, -1, -1, -1, -1, -1, -1, -1, -1, -1, -1, -1, -1, -1, -1, -1, -1, -1, -1, -1, -1, -1, -1, -1, -1, -1, -1, -1, -1, -1, -1, -1, -1, -1, -1, -1, -1, -1, -1, -1, -1, -1, -1, -1, -1, -1, -1, -1, -1, -1, -1, -1, -1, -1, -1, -1, -1, 
-1, -1, -1, -1, -1, -1, -1, -1, -1, -1, -1, -1, -1, -1, -1, -1, -1, -1, -1, -1, -1, -1, -1, -1, -1, -1, -1, -1, -1, -1, -1, -1, -1, -1, -1, -1, -1, -1, -1, -1, -1, -1, -1, -1, -1, -1, -1, -1, -1, -1, -1, -1, -1, -1, -1, -1, -1, -1, -1, -1, -1, -1, -1, -1, -1, -1, -1, -1, -1, -1, -1, -1, -1, -1, -1, -1, -1, -1, -1, -1, 
-1, -1, -1, -1, -1, -1, -1, -1, -1, -1, -1, -1, -1, -1, -1, -1, -1, -1, -1, -1, -1, -1, -1, -1, -1, -1, -1, -1, -1, -1, -1, -1, -1, -1, -1, -1, -1, -1, -1, -1, -1, -1, -1, -1, -1, -1, -1, -1, -1, -1, -1, -1, -1, -1, -1, -1, -1, -1, -1, -1, -1, -1, -1, -1, -1, -1, -1, -1, -1, -1, -1, -1, -1, -1, -1, -1, -1, -1, -1, -1, 
-1, -1, -1, -1, -1, -1, -1, -1, -1, -1, -1, -1, -1, -1, -1, -1, -1, -1, -1, -1, -1, -1, -1, -1, -1, -1, -1, -1, -1, -1, -1, -1, -1, -1, -1, -1, -1, -1, -1, -1, -1, -1, -1, -1, -1, -1, -1, -1, -1, -1, -1, -1, -1, -1, -1, -1, -1, -1, -1, -1, -1, -1, -1, -1, -1, -1, -1, -1, -1, -1, -1, -1, -1, -1, -1, -1, -1, -1, -1, -1, 
-1, -1, -1, -1, -1, -1, -1, -1, -1, -1, -1, -1, -1, -1, -1, -1, -1, -1, -1, -1, -1, -1, -1, -1, -1, -1, -1, -1, -1, -1, -1, -1, -1, -1, -1, -1, -1, -1, -1, -1, -1, -1, -1, -1, -1, -1, -1, -1, -1, -1, -1, -1, -1, -1, -1, -1, -1, -1, -1, -1, -1, -1, -1, -1, -1, -1, -1, -1, -1, -1, -1, -1, -1, -1, -1, -1, -1, -1, -1, -1, 
-1, -1, -1, -1, -1, -1, -1, -1, -1, -1, -1, -1, -1, -1, -1, -1, -1, -1, -1, -1, -1, -1, -1, -1, -1, -1, -1, -1, -1, 3004, 2004, -1, -1, -1, -1, -1, -1, -1, -1, -1, -1, -1, -1, -1, -1, -1, -1, -1, -1, -1, -1, -1, -1, -1, -1, -1, -1, -1, -1, -1, -1, -1, -1, -1, -1, -1, -1, -1, -1, -1, -1, -1, -1, -1, -1, -1, -1, -1, -1, -1, 
-1, -1, -1, -1, -1, -1, -1, -1, -1, -1, -1, -1, -1, -1, -1, -1, -1, -1, -1, -1, -1, -1, -1, -1, -1, -1, -1, -1, -1, -1, -1, -1, -1, -1, -1, -1, -1, -1, -1, -1, -1, -1, -1, -1, -1, -1, -1, -1, -1, -1, -1, -1, -1, -1, -1, -1, -1, -1, -1, -1, -1, -1, -1, -1, -1, -1, -1, -1, -1, -1, -1, -1, -1, -1, -1, -1, -1, -1, -1, -1, 
-1, -1, -1, -1, -1, -1, -1, -1, -1, -1, -1, -1, -1, -1, -1, -1, -1, -1, -1, -1, -1, 3004, 2004, -1, -1, -1, -1, -1, -1, -1, -1, -1, -1, -1, -1, -1, -1, -1, -1, -1, -1, -1, -1, -1, -1, -1, -1, -1, -1, -1, -1, -1, -1, -1, -1, -1, -1, -1, -1, -1, -1, -1, -1, -1, -1, -1, -1, -1, -1, -1, -1, -1, -1, -1, -1, -1, -1, -1, -1, -1, 
-1, -1, -1, -1, -1, -1, -1, -1, -1, -1, -1, -1, -1, -1, -1, -1, -1, -1, -1, -1, -1, -1, -1, -1, -1, -1, -1, -1, -1, -1, -1, -1, -1, -1, -1, -1, -1, -1, -1, -1, -1, -1, -1, -1, -1, -1, -1, -1, -1, -1, -1, -1, -1, -1, -1, -1, -1, -1, -1, -1, -1, -1, -1, -1, -1, -1, -1, -1, -1, -1, -1, -1, -1, -1, -1, -1, -1, -1, -1, -1, 
-1, -1, -1, -1, -1, -1, -1, -1, -1, -1, -1, -1, -1, -1, -1, -1, -1, -1, -1, -1, -1, -1, -1, -1, -1, -1, -1, -1, -1, -1, -1, -1, -1, -1, -1, -1, -1, -1, -1, -1, -1, -1, -1, -1, -1, -1, -1, -1, -1, -1, -1, -1, -1, -1, -1, -1, -1, -1, -1, -1, -1, -1, -1, -1, -1, -1, -1, -1, -1, -1, -1, -1, -1, -1, -1, -1, -1, -1, -1, -1, 
-1, -1, -1, -1, -1, -1, -1, -1, -1, -1, -1, -1, -1, -1, -1, -1, -1, -1, -1, 3004, 2004, -1, -1, -1, -1, -1, -1, -1, -1, -1, -1, -1, -1, -1, -1, -1, -1, -1, -1, -1, -1, -1, -1, -1, -1, -1, -1, -1, -1, -1, -1, -1, -1, -1, -1, -1, -1, -1, -1, -1, -1, -1, -1, -1, -1, -1, -1, -1, -1, -1, -1, -1, -1, -1, -1, -1, -1, -1, -1, -1, 
-1, -1, -1, -1, -1, -1, -1, -1, -1, -1, -1, -1, -1, -1, -1, -1, -1, -1, -1, -1, -1, -1, -1, -1, -1, -1, -1, -1, -1, -1, -1, -1, -1, -1, -1, -1, -1, -1, -1, -1, -1, -1, -1, -1, -1, -1, -1, -1, -1, -1, -1, -1, -1, -1, -1, -1, -1, -1, -1, -1, -1, -1, -1, -1, -1, -1, -1, -1, -1, -1, -1, -1, -1, -1, -1, -1, -1, -1, -1, -1, 
-1, -1, -1, -1, -1, -1, -1, -1, -1, -1, -1, -1, -1, -1, -1, -1, -1, -1, -1, -1, -1, -1, -1, -1, -1, -1, -1, -1, -1, 3004, 2004, -1, -1, -1, -1, -1, -1, -1, -1, -1, -1, -1, -1, -1, -1, -1, -1, -1, -1, -1, -1, -1, -1, -1, -1, -1, -1, -1, -1, -1, -1, -1, -1, -1, -1, -1, -1, -1, -1, -1, -1, -1, -1, -1, -1, -1, -1, -1, -1, -1, 
-1, -1, -1, -1, -1, 5000, -1, -1, -1, -1, -1, -1, -1, -1, -1, -1, -1, -1, -1, -1, -1, -1, -1, -1, -1, -1, -1, -1, -1, -1, -1, -1, -1, -1, -1, -1, -1, -1, -1, -1, -1, -1, -1, -1, -1, -1, -1, -1, -1, -1, -1, -1, -1, -1, -1, -1, -1, -1, -1, -1, -1, -1, -1, -1, -1, -1, -1, -1, -1, -1, -1, -1, -1, -1, -1, -1, -1, -1, -1, -1, 
-1, -1, -1, -1, -1, -1, 5000, -1, -1, -1, -1, -1, -1, -1, -1, -1, -1, -1, -1, -1, -1, -1, -1, -1, -1, -1, -1, -1, -1, -1, -1, -1, -1, -1, -1, -1, -1, -1, -1, -1, -1, -1, -1, -1, -1, -1, -1, -1, -1, -1, -1, -1, -1, -1, -1, -1, -1, -1, -1, -1, -1, -1, -1, -1, -1, -1, -1, -1, -1, -1, -1, -1, -1, -1, -1, -1, -1, -1, -1, -1, 
-1, -1, -1, -1, -1, -1, -1, -1, -1, -1, -1, -1, -1, -1, -1, -1, -1, -1, -1, -1, -1, -1, -1, -1, -1, -1, -1, -1, -1, -1, -1, -1, -1, -1, -1, -1, -1, -1, -1, -1, -1, -1, -1, -1, -1, -1, -1, -1, -1, -1, -1, -1, -1, -1, -1, -1, -1, -1, -1, -1, -1, -1, -1, -1, -1, -1, -1, -1, -1, -1, -1, -1, -1, -1, -1, -1, -1, -1, -1, -1, 
-1, -1, -1, -1, -1, -1, -1, -1, -1, -1, -1, -1, -1, -1, -1, -1, -1, -1, -1, -1, -1, -1, -1, -1, -1, -1, -1, -1, -1, -1, -1, -1, -1, -1, -1, -1, -1, -1, -1, -1, -1, -1, -1, -1, -1, -1, -1, -1, -1, -1, -1, -1, -1, -1, -1, -1, -1, -1, -1, -1, -1, -1, -1, -1, -1, -1, -1, -1, -1, -1, -1, -1, -1, -1, -1, -1, -1, -1, -1, -1, 
-1, -1, -1, -1, -1, -1, -1, -1, -1, -1, -1, -1, -1, -1, -1, -1, -1, -1, -1, -1, -1, -1, -1, -1, -1, -1, -1, -1, -1, -1, -1, -1, -1, -1, -1, -1, -1, -1, -1, -1, -1, -1, -1, -1, -1, -1, -1, -1, -1, -1, -1, -1, -1, -1, -1, -1, -1, -1, -1, -1, -1, -1, -1, -1, -1, -1, -1, -1, -1, -1, -1, -1, -1, -1, -1, -1, -1, -1, -1, -1, 
-1, -1, -1, -1, -1, -1, -1, -1, -1, -1, -1, -1, -1, -1, -1, -1, -1, -1, -1, -1, -1, -1, -1, -1, -1, -1, -1, -1, -1, -1, -1, -1, -1, -1, -1, -1, -1, -1, -1, -1, -1, -1, -1, -1, -1, -1, -1, -1, -1, -1, -1, -1, -1, -1, -1, -1, -1, -1, -1, -1, -1, -1, -1, -1, -1, -1, -1, -1, -1, -1, -1, -1, -1, -1, -1, -1, -1, -1, -1, -1, 
@MapLine  43
    0,  912,      240,  912,    0.00000,-1.00000
  240,  912,      336, 1008,    0.70711,-0.70711
  336, 1008,      432, 1008,    0.00000,-1.00000
  432, 1200,      864, 1200,    0.00000,-1.00000
 1008, 1200,     1152, 1200,    0.00000,-1.00000
 1153, 1196,     1152,  817,    -1.00000,0.00264
 1297,  815,     1296, 1200,    1.00000,0.00260
 1296, 1200,     1600, 1200,    0.00000,-1.00000
 1584,  672,     2064,  672,    0.00000,-1.00000
 1900,    0,        0,    0,    0.00000,1.00000
  912,  768,     1008,  768,    0.00000,-1.00000
 1008,  768,     1008,  796,    1.00000,-0.00000
 1008,  796,      912,  796,    0.00000,1.00000
  912,  796,      912,  768,    -1.00000,-0.00000
 1392,  864,     1488,  864,    0.00000,-1.00000
 1488,  864,     1488,  892,    1.00000,-0.00000
 1488,  892,     1392,  892,    0.00000,1.00000
 1392,  892,     1392,  864,    -1.00000,-0.00000
 1391,  526,     1487,  526,    0.00000,-1.00000
 1488,  524,     1488,  556,    1.00000,-0.00000
 1488,  555,     1392,  555,    0.00000,1.00000
 1391,  555,     1391,  527,    -1.00000,-0.00000
  864,  768,        0,  768,    0.00000,1.00000
  864,  336,      864,  768,    1.00000,-0.00000
 1440,  336,      864,  336,    0.00000,1.00000
 1920,  336,     1440,  336,    0.00000,1.00000
 2064,  336,     1920,  336,    0.00000,1.00000
 1151,  816,     1295,  816,    0.00000,-1.00000
 1008,  622,     1104,  622,    0.00000,-1.00000
 1009,  655,     1009,  623,    -1.00000,-0.00000
 1102,  652,     1010,  652,    0.00000,1.00000
 1104,  622,     1104,  654,    1.00000,-0.00000
 1584, 1200,     1584,  672,    -1.00000,-0.00000
  432, 1008,      432, 1200,    1.00000,-0.00000
 1008,  960,     1008, 1200,    1.00000,-0.00000
  864, 1200,      864,  960,    -1.00000,-0.00000
  864,  960,     1008,  960,    0.00000,-1.00000
    0,  768,        0,  912,    1.00000,-0.00000
 2064,  672,     2064,  340,    -1.00000,-0.00000
  528, 1008,      768, 1008,    0.00000,-1.00000
  528, 1056,      528, 1008,    -1.00000,-0.00000
  768, 1056,      528, 1056,    0.00000,1.00000
  768, 1008,      768, 1056,    1.00000,-0.00000
@EvtMap  23
  432, 1151,     3,  1,   0
  528, 1152,     3,  1,   0
  576, 1152,     3,  1,   0
 1056, 1152,     3,  1,   0
  768, 1152,     3,  1,   0
 1008, 1152,     3,  1,   0
  720, 1152,     3,  1,   0
 1104, 1152,     3,  1,   0
 1296, 1152,     3,  1,   0
 1344, 1152,     3,  1,   0
 1392, 1152,     3,  1,   0
 1440, 1152,     3,  1,   0
 1488, 1152,     3,  1,   0
 1536, 1152,     3,  1,   0
 1194,  769,     2,  10,   0
 1824,  623,     2,  20,   0
  624, 1152,     3,  1,   0
  672, 1152,     3,  1,   0
  480, 1152,     3,  1,   0
  816, 1153,     3,  1,   0
  910,  912,     3,   4,   0
  763,  894,     3,   10,   0
  635,  793,     3, 20, 0
